144503924.jpg Adidas 1 38 12 234 142 
144503924.jpgBackground27561402251872451569770.jpg Adidas 1 242 208 413 331 
2451569770.jpgBackground2799172302340390321909.jpg Adidas 1 13 5 89 60 
390321909.jpgBackground27162387794761260517.jpg Adidas 1 43 122 358 354 
4761260517.jpgBackground27881981662614763210295.jpg Adidas 1 83 63 130 93 
4763210295.jpgBackground273652454323144763210295.jpg Adidas 1 91 288 125 306 
4763210295.jpgBackground271642862553244763210295.jpg Adidas 1 182 63 229 94 
4763210295.jpgBackground27312874461524763210295.jpg Adidas 1 192 291 225 306 
4763210295.jpgBackground27642404684344763210295.jpg Adidas 1 285 61 317 79 
4763210295.jpgBackground273572774433484763210295.jpg Adidas 1 285 298 324 329 
4763210295.jpgBackground27171834804114763210295.jpg Adidas 1 377 292 421 324 
4763210295.jpgBackground27258874461614763210295.jpg Adidas 1 383 55 416 76 
4763210295.jpgBackground27156174841791230939811.jpg Adidas 2 129 326 257 423 
1230939811.jpgBackground27148522934521230939811.jpg Adidas 2 137 336 243 395 
1230939811.jpgBackground2779312934532550056374.jpg Adidas 2 18 2 488 278 
2550056374.jpgBackground27351204993873294282629.jpg Adidas 2 126 252 207 311 
3294282629.jpgBackground27302244941903294282629.jpg Adidas 2 127 324 206 381 
3294282629.jpgBackground271332302083083294282629.jpg Adidas 2 129 109 206 162 
3294282629.jpgBackground271332302063083294282629.jpg Adidas 2 132 176 206 234 
3294282629.jpgBackground271333342083783294282629.jpg Adidas 2 212 111 287 165 
3294282629.jpgBackground271333342083783294282629.jpg Adidas 2 213 180 288 236 
3294282629.jpgBackground27301244942123294282629.jpg Adidas 2 213 253 290 312 
3294282629.jpgBackground271332302153083294282629.jpg Adidas 2 213 327 287 382 
3294282629.jpgBackground275802371873294282629.jpg Adidas 2 294 109 373 167 
3294282629.jpgBackground27301244942123294282629.jpg Adidas 2 294 327 372 383 
3294282629.jpgBackground27301244942123294282629.jpg Adidas 2 295 252 372 311 
3294282629.jpgBackground27301244941903294282629.jpg Adidas 2 296 179 370 234 
3294282629.jpgBackground27302244941904061203382.jpg Adidas 2 155 206 241 252 
4061203382.jpgBackground272341484484164499338915.jpg Adidas 2 72 20 392 210 
4499338915.jpgBackground27116138367211144503924.jpg Adidas 2 38 12 234 142 
144503924.jpgBackground27561402251872451569770.jpg Adidas 2 242 208 413 331 
2451569770.jpgBackground27157151370374390321909.jpg Adidas 2 13 5 89 60 
390321909.jpgBackground27162387794761260517.jpg Adidas 2 43 122 358 354 
4761260517.jpgBackground272391993122444763210295.jpg Adidas 2 83 63 130 93 
4763210295.jpgBackground27156542531494763210295.jpg Adidas 2 91 288 125 306 
4763210295.jpgBackground27282504511494763210295.jpg Adidas 2 182 63 229 94 
4763210295.jpgBackground27312874461524763210295.jpg Adidas 2 192 291 225 306 
4763210295.jpgBackground27171834804114763210295.jpg Adidas 2 285 61 317 79 
4763210295.jpgBackground27282504511494763210295.jpg Adidas 2 285 298 324 329 
4763210295.jpgBackground27262893111514763210295.jpg Adidas 2 377 292 421 324 
4763210295.jpgBackground271642852553244763210295.jpg Adidas 2 383 55 416 76 
4763210295.jpgBackground27763024684342534155497.jpg Adidas 3 59 1 479 253 
2534155497.jpgBackground271051794362533007885565.jpg Adidas 3 221 20 476 262 
3007885565.jpgBackground272412203553084336482746.jpg Adidas 3 16 194 246 351 
4336482746.jpgBackground2738448218499451265524.jpg Adidas 3 195 179 244 215 
451265524.jpgBackground27032139499